Forward loss-------------------------------------------------------------------------
x

[[ 2.71177099  3.11687473 -5.89971407]
 [-0.87466922 -3.9512139   4.77711541]
 [-3.5347833   0.16200897  3.31276371]
 [-7.64252927  5.56109235  1.98503507]
 [ 3.65512365  1.10249348 -4.79523851]
 [-6.13127804  4.47953644  1.57189616]
 [-0.76463076 -4.18947765  4.90467281]
 [ 1.74722258 -5.82359028  4.02702799]
 [-6.11230341  4.8847165   1.14003711]
 [-7.59722608  4.83939614  2.63926706]
 [ 1.91036662 -5.67953439  3.71832932]
 [-0.30490472  1.94281725 -1.67547115]
 [-1.05855491 -0.42666605  1.44974343]
 [ 4.55495162  2.10680767 -6.70982412]
 [-1.14406615  0.15799687  0.94951404]
 [ 1.12446581 -6.26501505  5.0978815 ]
 [-3.66827415  3.34621609  0.25903371]
 [-3.27215393 -0.1624845   3.37794116]
 [ 2.44174734 -1.15686176 -1.3226696 ]
 [-8.16869057  6.32266961  1.73834261]]

un proba

[[6.66907621e-01 1.00000000e+00 1.21379471e-04]
 [3.51124488e-03 1.61932770e-04 1.00000000e+00]
 [1.06205772e-03 4.28197968e-02 1.00000000e+00]
 [1.84391115e-06 1.00000000e+00 2.79858213e-02]
 [1.00000000e+00 7.78765676e-02 2.13822963e-04]
 [2.46480077e-05 1.00000000e+00 5.46044292e-02]
 [3.45026730e-03 1.12320916e-04 1.00000000e+00]
 [1.02304111e-01 5.27145906e-05 1.00000000e+00]
 [1.67515476e-05 1.00000000e+00 2.36432082e-02]
 [3.97048535e-06 1.00000000e+00 1.10788857e-01]
 [1.63987889e-01 8.29009776e-05 1.00000000e+00]
 [1.05639601e-01 1.00000000e+00 2.68285568e-02]
 [8.14066475e-02 1.53138968e-01 1.00000000e+00]
 [1.00000000e+00 8.64539000e-02 1.28165182e-05]
 [1.23245103e-01 4.53156755e-01 1.00000000e+00]
 [1.88090774e-02 1.16186784e-05 1.00000000e+00]
 [8.98763847e-04 1.00000000e+00 4.56303424e-02]
 [1.29389906e-03 2.90009800e-02 1.00000000e+00]
 [1.00000000e+00 2.73617536e-02 2.31811242e-02]
 [5.08724014e-07 1.00000000e+00 1.02106192e-02]]

target:
[0 2 2 1 0 1 2 2 1 1 2 1 0 0 1 2 1 2 0 1]

selfproba

[[4.00057600e-01 5.99869588e-01 7.28118533e-05]
 [3.49839466e-03 1.61340139e-04 9.96340265e-01]
 [1.01741180e-03 4.10197731e-02 9.57962815e-01]
 [1.79370941e-06 9.72774318e-01 2.72238882e-02]
 [9.27566008e-01 7.22356570e-02 1.98334913e-04]
 [2.33712575e-05 9.48200672e-01 5.17759565e-02]
 [3.43801906e-03 1.11922183e-04 9.96450059e-01]
 [9.28048968e-02 4.78198977e-05 9.07147283e-01]
 [1.63643673e-05 9.76886895e-01 2.30967402e-02]
 [3.57446074e-06 9.00257883e-01 9.97385421e-02]
 [1.40874499e-01 7.12164400e-05 8.59054285e-01]
 [9.32826236e-02 8.83027035e-01 2.36903410e-02]
 [6.59405748e-02 1.24044803e-01 8.10014622e-01]
 [9.20414758e-01 7.95734455e-02 1.17965125e-05]
 [7.81812725e-02 2.87462713e-01 6.34356015e-01]
 [1.84616169e-02 1.14040463e-05 9.81526979e-01]
 [8.58804444e-04 9.55539597e-01 4.36015989e-02]
 [1.25585314e-03 2.81482327e-02 9.70595914e-01]
 [9.51888801e-01 2.60453468e-02 2.20658526e-02]
 [5.03581875e-07 9.89892085e-01 1.01074111e-02]]

loss [0.91614674 0.00366645 0.04294632 0.02760317 0.07519132 0.05318912
 0.00355626 0.09745046 0.0233844  0.10507402 0.15192316 0.12439946
 2.71900132 0.08293089 1.24666212 0.01864578 0.04547908 0.02984505
 0.04930706 0.01015935]

loss mean

0.29132807571937924
